00001011
00010011
00011011
00100011
00101011
00110011
00111011
01000011
01001011
01010011
01011011
01100011
01101011
01110011
01111011
10000011
10001011
10010011
10011011
10100011
10101011
10110011
10111011
11000011
11001011
11010011
11011011
11100011
11101011
11110011
11111011
00000011
00001011
00010011
00011011
00100011
00101011
00110011
00111011
01000011
01001011
01010011
01011011
01100011
01101011
01110011
01111011
10000011
10001011
10010011
10011011
10100011
10101011
10110011
10111011
11000011
11001011
11010011
11011011
11100011
11101011
11110011
11111011
00000011
00001011
00010011
00011011
00100011
00101011
00110011
00111011
01000011
01001011
01010011
01011011
01100011
01101011
01110011
01111011
10000011
10001011
10010011
10011011
10100011
10101011
10110011
10111011
11000011
11001011
11010011
11011011
11100011
11101011
11110011
11111011
00000011
00001011
00010011
00011011
00100011
00101011
00110011
00111011
01000011
01001011
01010011
01011011
01100011
01101011
01110011
01111011
10000011
10001011
10010011
10011011
10100011
10101011
10110011
10111011
11000011
11001011
11010011
11011011
11100011
11101011
11110011
11111011
00000011
00001011
00010011
00011011
00100011
00101011
00110011
00111011
01000011
01001011
01010011
01011011
01100011
01101011
01110011
01111011
10000011
10001011
10010011
10011011
10100011
10101011
10110011
10111011
11000011
11001011
11010011
11011011
11100011
11101011
11110011
11111011
00000011
00001011
00010011
00011011
00100011
00101011
00110011
00111011
01000011
01001011
01010011
01011011
01100011
01101011
01110011
01111011
10000011
10001011
10010011
10011011
10100011
10101011
10110011
10111011
11000011
11001011
11010011
11011011
11100011
11101011
11110011
11111011
00000011
00001011
00010011
00011011
00100011
00101011
00110011
00111011
01000011
01001011
01010011
01011011
01100011
01101011
01110011
01111011
10000011
10001011
10010011
10011011
10100011
10101011
10110011
10111011
11000011
11001011
11010011
11011011
11100011
11101011
11110011
11111011
00000011
00001011
00010011
00011011
00100011
00101011
00110011
00111011
01000011
01001011
01010011
01011011
01100011
01101011
01110011
01111011
10000011
10001011
10010011
10011011
10100011
10101011
10110011
10111011
11000011
11001011
11010011
11011011
11100011
11101011
11110011
11111011
00000011
00001011
00010011
00011011
00100011
00101011
00110011
00111011
01000011
01001011
01010011
01011011
01100011
01101011
01110011
01111011
10000011
10001011
10010011
10011011
10100011
10101011
10110011
10111011
11000011
11001011
11010011
11011011
11100011
11101011
11110011
11111011
00000011
00001011
00010011
00011011
00100011
00101011
00110011
00111011
01000011
01001011
01010011
01011011
01100011
01101011
01110011
01111011
10000011
10001011
10010011
10011011
10100011
10101011
10110011
10111011
11000011
11001011
11010011
11011011
11100011
11101011
11110011
11111011
00000011
00001011
00010011
00011011
00100011
00101011
00110011
00111011
01000011
01001011
01010011
01011011
01100011
01101011
01110011
01111011
10000011
10001011
10010011
10011011
10100011
10101011
10110011
10111011
11000011
11001011
11010011
11011011
11100011
11101011
11110011
11111011
00000011
00001011
00010011
00011011
00100011
00101011
00110011
00111011
01000011
01001011
01010011
01011011
01100011
01101011
01110011
01111011
10000011
10001011
10010011
10011011
10100011
10101011
10110011
10111011
11000011
11001011
11010011
11011011
11100011
11101011
11110011
11111011
00000011
00001011
00010011
00011011
00100011
00101011
00110011
00111011
01000011
01001011
01010011
01011011
01100011
01101011
01110011
01111011
10000011
10001011
10010011
10011011
10100011
10101011
10110011
10111011
11000011
11001011
11010011
11011011
11100011
11101011
11110011
11111011
00000011
00001011
00010011
00011011
00100011
00101011
00110011
00111011
01000011
01001011
01010011
01011011
01100011
01101011
01110011
01111011
10000011
10001011
10010011
10011011
10100011
10101011
10110011
10111011
11000011
11001011
11010011
11011011
11100011
11101011
11110011
11111011
00000011
00001011
00010011
00011011
00100011
00101011
00110011
00111011
01000011
01001011
01010011
01011011
01100011
01101011
01110011
01111011
10000011
10001011
10010011
10011011
10100011
10101011
10110011
10111011
11000011
11001011
11010011
11011011
11100011
11101011
11110011
11111011
00000011
00001011
00010011
00011011
00100011
00101011
00110011
00111011
01000011
01001011
01010011
01011011
01100011
01101011
01110011
01111011
10000011
10001011
10010011
10011011
10100011
10101011
10110011
10111011
11000011
11001011
11010011
11011011
11100011
11101011
11110011
11111011
00000011
00001011
00010011
00011011
00100011
00101011
00110011
00111011
01000011
01001011
01010011
01011011
01100011
01101011
01110011
01111011
10000011
10001011
10010011
10011011
10100011
10101011
10110011
10111011
11000011
11001011
11010011
11011011
11100011
11101011
11110011
11111011
00000011
00001011
00010011
00011011
00100011
00101011
00110011
00111011
01000011
01001011
01010011
01011011
01100011
01101011
01110011
01111011
10000011
10001011
10010011
10011011
10100011
10101011
10110011
10111011
11000011
11001011
11010011
11011011
11100011
11101011
11110011
11111011
00000011
00001011
00010011
00011011
00100011
00101011
00110011
00111011
01000011
01001011
01010011
01011011
01100011
01101011
01110011
01111011
10000011
10001011
10010011
10011011
10100011
10101011
10110011
10111011
11000011
11001011
11010011
11011011
11100011
11101011
11110011
11111011
00000011
00001011
00010011
00011011
00100011
00101011
00110011
00111011
01000011
01001011
01010011
01011011
01100011
01101011
01110011
01111011
10000011
10001011
10010011
10011011
10100011
10101011
10110011
10111011
11000011
11001011
11010011
11011011
11100011
11101011
11110011
11111011
00000011
00001011
00010011
00011011
00100011
00101011
00110011
00111011
01000011
01001011
01010011
01011011
01100011
01101011
01110011
01111011
10000011
10001011
10010011
10011011
10100011
10101011
10110011
10111011
11000011
11001011
11010011
11011011
11100011
11101011
11110011
11111011
00000011
00001011
00010011
00011011
00100011
00101011
00110011
00111011
01000011
01001011
01010011
01011011
01100011
01101011
01110011
01111011
10000011
10001011
10010011
10011011
10100011
10101011
10110011
10111011
11000011
11001011
11010011
11011011
11100011
11101011
11110011
11111011
00000011
00001011
00010011
00011011
00100011
00101011
00110011
00111011
01000011
01001011
01010011
01011011
01100011
01101011
01110011
01111011
10000011
10001011
10010011
10011011
10100011
10101011
10110011
10111011
11000011
11001011
11010011
11011011
11100011
11101011
11110011
11111011
00000011
00001011
00010011
00011011
00100011
00101011
00110011
00111011
01000011
01001011
01010011
01011011
01100011
01101011
01110011
01111011
10000011
10001011
10010011
10011011
10100011
10101011
10110011
10111011
11000011
11001011
11010011
11011011
11100011
11101011
11110011
11111011
00000011
00001011
00010011
00011011
00100011
00101011
00110011
00111011
01000011
01001011
01010011
01011011
01100011
01101011
01110011
01111011
10000011
10001011
10010011
10011011
10100011
10101011
10110011
10111011
11000011
11001011
11010011
11011011
11100011
11101011
11110011
11111011
00000011
00001011
00010011
00011011
00100011
00101011
00110011
00111011
01000011
01001011
01010011
01011011
01100011
01101011
01110011
01111011
10000011
10001011
10010011
10011011
10100011
10101011
10110011
10111011
11000011
11001011
11010011
11011011
11100011
11101011
11110011
11111011
00000011
00001011
00010011
00011011
00100011
00101011
00110011
00111011
01000011
01001011
01010011
01011011
01100011
01101011
01110011
01111011
10000011
10001011
10010011
10011011
10100011
10101011
10110011
10111011
11000011
11001011
11010011
11011011
11100011
11101011
11110011
11111011
00000011
00001011
00010011
00011011
00100011
00101011
00110011
00111011
01000011
01001011
01010011
01011011
01100011
01101011
01110011
01111011
10000011
10001011
10010011
10011011
10100011
10101011
10110011
10111011
11000011
11001011
11010011
11011011
11100011
11101011
11110011
11111011
00000011
00001011
00010011
00011011
00100011
00101011
00110011
00111011
01000011
01001011
01010011
01011011
01100011
01101011
01110011
01111011
10000011
10001011
10010011
10011011
10100011
10101011
10110011
10111011
11000011
11001011
11010011
11011011
11100011
11101011
11110011
11111011
00000011
00001011
00010011
00011011
00100011
00101011
00110011
00111011
01000011
01001011
01010011
01011011
01100011
01101011
01110011
01111011
10000011
10001011
10010011
10011011
10100011
10101011
10110011
10111011
11000011
11001011
11010011
11011011
11100011
11101011
11110011
11111011
00000011
00001011
00010011
00011011
00100011
00101011
00110011
00111011
01000011
01001011
01010011
01011011
01100011
01101011
01110011
01111011
10000011
10001011
10010011
10011011
10100011
10101011
10110011
10111011
11000011
11001011
11010011
11011011
11100011
11101011
11110011
11111011
00000011
00001011
00010011
00011011
00100011
00101011
00110011
00111011
01000011
01001011
01010011
01011011
01100011
01101011
01110011
01111011
10000011
10001011
10010011
10011011
10100011
10101011
10110011
10111011
11000011
11001011
11010011
11011011
11100011
11101011
11110011
11111011
00000011
