01100101
11101101
10011001
01000010
11101000
01111010
11101100
11111000
00010101
11000101
11001010
11101000
11110101
01011010
11100110
00000011
00000101
01100111
10101011
01101011
10111010
10101011
11010010
10111011
10011111
01100101
10111001
01011011
11011110
11110101
11011011
01000011
11100010
01110100
10000101
11001011
11101111
01110001
11000011
00000100
00110111
10001101
11101101
00101100
11101000
11010011
00110000
11101101
00111010
11011011
01011000
11110101
10000110
00101010
10110000
00100101
10010000
01101001
10000000
01101110
01011111
01011011
10110001
01000001
11010000
00110110
00001100
10111111
10101000
11010000
11000011
11011111
01011101
10110000
00001011
01000101
10000100
00111011
00110010
10111110
00010110
10001011
10110011
10011100
10110101
01100011
11000001
01000101
11001101
01000010
10110011
00101100
10011101
01100100
01101101
01101101
10011011
01111010
00101100
01000011
01001010
11110000
00100010
10100111
10100000
00101101
11101101
00100100
01101001
00011111
11100011
01111111
10101010
10010110
00011100
01100000
11111010
11011101
10100101
11000111
00011111
01011001
11110011
10111101
10111101
01100000
00101010
01011000
11011010
01010111
10011011
00100100
01000111
10111101
11001100
11100111
11101011
10111001
00001100
01010100
11011000
11101111
11010011
10000011
10000101
11101111
11100011
01111111
11001101
10001000
01000110
11101100
11100001
00111001
10101001
10011111
10011010
11010100
11110111
01110100
00101011
10010011
10011001
01110010
01010000
01100101
01011001
00111011
00011110
01100101
10001111
11110110
01010100
01100011
01111001
11011010
01010010
01011100
01011001
00011111
11100101
10100000
00001100
11000110
11011001
10110101
01100101
01110011
10001001
01011101
11101000
10110100
11110000
10000001
00100110
01000000
11100110
10000000
01111100
00000100
11100101
00001011
11111010
00111010
01101110
01110100
00010100
11000001
11010000
01101101
11100000
10110101
00001101
11101100
01111100
11100111
10100010
11100001
01011010
00101011
00111110
01000010
11100000
00101110
11000011
00000110
01101111
10101001
10000110
11101011
10101101
01101100
11110110
10101000
10100110
01100101
00011100
10111010
00100110
11101100
00100111
00000110
10100010
00110101
11110011
00011110
00011100
10010101
11111111
01110110
11000000
00111110
10111001
10100000
01101100
01111100
10100111
11011011
00100110
00101101
11000110
11010011
10011001
10111101
01111011
00111111
00100010
10010111
11111001
01001000
10000100
00100001
01001110
00100110
01010110
01000001
01000100
01110010
11010110
01000011
11101000
10010111
10000001
10100001
00110111
11101110
00011110
11011110
11001001
01000100
00001100
10010000
00010111
10100101
01001101
10010011
11100101
01101111
00101010
11011110
10110111
10101110
11111111
00000101
11010100
01010101
01000111
00011000
11000111
00011101
01011100
10110000
10110100
11011101
01010001
11101100
11001011
01101111
11001010
10010101
10110011
11010110
00100101
11001011
01111100
01110010
01011110
01100001
11100001
10001000
00111111
10011000
00110111
00111111
10011101
00001011
10010100
11100100
00100100
01011100
00000010
10000000
00001100
10110110
01011101
01011101
10100010
00101001
11001101
01101101
10111110
10000000
01000011
11100011
01001011
10111111
01010101
10101001
00100000
00110110
00110010
01100000
11001110
01101001
10011111
01101011
01110100
00110011
01010000
10011000
10001111
01010010
00011000
10011011
00001000
01110110
11111001
10101011
10011111
11000110
00011000
01011101
01000110
01011011
01000000
10010010
00011011
10010101
00111011
00111011
11001011
01101101
10011011
10011001
11010110
00111010
00000100
01001011
01101110
01010100
11100011
11111101
10100110
11111100
10011001
10101111
01110010
10010010
01011010
00010001
01011000
01110010
01101110
10011110
11001101
10101110
00110000
11101000
01000011
01101100
00100100
00001110
11011001
10111111
10100111
10110000
11111010
10101011
11111011
01101000
00000000
11011110
01100101
10100110
11011010
11111110
01010101
01001100
10010000
10101111
01011101
11101000
00100001
11001011
10000111
11101111
01111001
10110111
11010111
10111100
00100011
11111011
11001010
11111101
10111011
01110001
10101101
10110101
00011101
10101000
00011101
00011101
10000110
10000010
11000011
01100001
10000001
00011001
10101101
00010001
11001000
00001011
11111010
11101010
11010110
10000001
11011001
01010000
00111000
10110000
00001100
01011100
10101100
11010111
01011001
01100111
01001000
00000110
00011100
01100101
10101110
00111001
10000010
00110100
10111011
01000110
10010101
00111100
01011111
01000011
01001110
00100111
01001110
01001000
00010001
00100100
11001001
11101010
01110100
00000001
10011011
10000001
01011101
01000111
01011000
10110110
10101110
10100000
10111100
11001010
00000110
01101010
00000011
10001000
10011111
10111110
11001110
00110100
11111011
00101101
01110111
01001001
01010101
11000101
10010001
01100110
11101010
01011010
01010001
01011110
01011011
11101100
11011111
10111001
00110011
00110111
01101111
11100001
11011000
00101100
10101011
11011110
10010110
10101110
01100110
00110101
01101100
00110101
01101010
01100111
01100010
11100001
10110000
10110111
10100111
01000001
00011110
10010001
10011011
01101111
11101111
11110111
01011011
11001111
10110000
10001110
00000110
00011111
01101111
11011110
01001011
00011010
10111100
11100010
11001000
00100011
00010111
00110100
01011000
10000001
10011100
10111010
01100011
01001100
01110010
00001010
10001110
10010000
10011011
00101001
11111111
10001010
00100000
01011010
01011001
11010000
11101000
01100000
11110000
01010111
00111110
00111011
01110001
11111011
00011101
00111001
00011110
00110101
01101101
01110110
10110110
00001001
00110000
00011001
01010110
10100010
00100011
11100100
00110010
10111110
00001101
00110001
01001001
00101110
10001011
10100010
11111110
01110011
00000010
11101110
11001010
01000001
00101010
00111011
00111100
01000111
01110100
01011010
01111100
11100010
11010000
00110011
11101011
00000000
01001100
01000001
10100011
01110000
00100101
11010101
00101110
00110011
00000111
01110111
01100001
10010010
00011010
01011111
00000110
00011100
01001110
11010000
01011101
01111000
00001100
10011001
10111111
10000000
11110011
00111100
01100010
11000011
01101111
01001110
11000100
10111011
10001111
01100111
00101011
10110101
00111100
01011010
11101000
01000011
11010001
01001001
11010110
11101011
10101000
11011100
00001000
11110110
10101100
01100101
01101110
10111000
11111111
00101110
00111001
11110010
01101010
10011011
10110110
11011001
11101001
01111010
10010100
01111001
11100001
11000000
00101110
00011101
00011010
00010110
01100001
11101011
01011111
00110111
11010111
00000111
00010011
11011111
11111110
10111111
01000100
01101100
01111000
01000011
10011010
10110001
00110110
00000100
01001100
11101100
11011101
00110110
01100110
01110010
10101111
01000111
00110010
11011101
01100100
01001100
11110011
11000101
00110111
01010010
11111100
00001110
01011001
00001111
11101101
01010111
11001111
00110010
11000100
01000111
01110101
01011110
11111000
10101011
01100011
01000100
10010111
01000000
01111010
11111101
10110010
00101001
01000100
11100100
00000110
10101001
00110000
11111001
01101110
01101000
01001011
01101011
01110110
10100101
01111010
01100100
11111100
01001001
10010110
11000000
10010000
00001011
00011111
10001000
10110111
10000010
11001101
01001110
11000010
01000111
01001100
01110101
01110001
10010000
01011001
01110111
00111001
10001010
01110001
10101000
11110010
10111100
00010011
01101000
01100001
10001101
11001100
01011110
11010111
01100010
00011110
01100111
01101110
00111101
11110000
00100101
10111111
10111101
01110011
10000010
00000100
10111111
11110111
01110101
01010000
01010000
11101101
10001001
11011010
01011110
00110001
11001100
00011010
01000100
00110101
01111100
11010010
00000001
11011010
10101001
01100100
11111000
00010000
11010010
00110110
00000000
11110111
11110101
10111101
01101010
01110111
11000010
00101010
01101110
00110111
01111010
10111111
00100100
00000011
10011001
10000010
00110101
01100110
10011101
01111001
10011011
00011001
01001011
10011100
11110011
11110100
00000000
11101011
00000101
11010010
00100001
00000101
11001001
00010111
11000011
00110100
10001110
10000101
01011110
11111101
10111100
11011000
10111100
11100001
11011011
01010101
01100011
00010000
10111011
00000000
10001010
01010110
00011001
11010101
11110011
00001100
11001010
11110011
11111000
11001111
11000110
00011001
11010100
10001111
00110000
10010111
11000011
10111111
00011100
00100001
10111100
11011001
11111001
01111000
10111010
11010101
11001101
00011101
11100101
10001001
00011110
01101111
11011111
00110111
01000101
11010010
01000100
00001111
11000110
00111100
11011110
10001100
01010101
10110010
00011011
10000110
01001010
11011111
01000101
01100110
00000000
00000001
00111111
11111010
01111001
11111001
11001111
01000110
00010111
10110100
11001111
00110101
00100100
10101111
01101100
01101001
10000001
10110000
01111000
01000111
11101100
01010110
11010011
01000010
00001000
11101111
11001000
01010010
11001110
00001101
10111001
11001110
00001110
11111000
11001000
10000111
11110010
10010111
11001101
00001001
01001100
10011101
00111110
01110000
01001100
10101010
11011001
11001101
01011011
01010001
00010101
01000111
10100111
11101000
10001001
10101111
11010111
01010001
00000010
10100101
01011110
