11101101
10011001
01000010
11101101
10011001
01000010
11101101
10011001
01000010
11101101
10011001
01000010
11101101
10011001
01000010
11101101
10011001
01000010
11101101
10011001
01000010
11101101
10011001
01000010
11101101
10011001
01000010
11101101
10011001
01000010
01111010
11111000
11000101
11001010
11101000
11000101
11001010
11101000
11000101
11001010
11101000
11000101
11001010
11101000
11000101
11001010
11101000
11000101
11001010
11101000
11000101
11001010
11101000
11000101
11001010
11101000
11000101
11001010
11101000
11000101
11001010
11101000
01011010
11100110
00000011
01011010
11100110
00000011
01011010
11100110
00000011
01011010
11100110
00000011
01011010
11100110
00000011
01011010
11100110
00000011
01011010
11100110
00000011
01011010
11100110
00000011
01011010
11100110
00000011
01011010
11100110
00000011
01100111
10101011
01101011
01100111
10101011
01101011
01100111
10101011
01101011
01100111
10101011
01101011
01100111
10101011
01101011
01100111
10101011
01101011
01100111
10101011
01101011
01100111
10101011
01101011
01100111
10101011
01101011
01100111
10101011
01101011
10101011
10111011
01100101
10111001
01011011
01100101
10111001
01011011
01100101
10111001
01011011
01100101
10111001
01011011
01100101
10111001
01011011
01100101
10111001
01011011
01100101
10111001
01011011
01100101
10111001
01011011
01100101
10111001
01011011
01100101
10111001
01011011
11110101
01000011
11100010
01110100
01000011
11100010
01110100
01000011
11100010
01110100
01000011
11100010
01110100
01000011
11100010
01110100
01000011
11100010
01110100
01000011
11100010
01110100
01000011
11100010
01110100
01000011
11100010
01110100
01000011
11100010
01110100
11001011
11101111
01110001
11001011
11101111
01110001
11001011
11101111
01110001
11001011
11101111
01110001
11001011
11101111
01110001
11001011
11101111
01110001
11001011
11101111
01110001
11001011
11101111
01110001
11001011
11101111
01110001
11001011
11101111
01110001
00000100
00110111
10001101
00000100
00110111
10001101
00000100
00110111
10001101
00000100
00110111
10001101
00000100
00110111
10001101
00000100
00110111
10001101
00000100
00110111
10001101
00000100
00110111
10001101
00000100
00110111
10001101
00000100
00110111
10001101
00101100
11101000
11010011
00101100
11101000
11010011
00101100
11101000
11010011
00101100
11101000
11010011
00101100
11101000
11010011
00101100
11101000
11010011
00101100
11101000
11010011
00101100
11101000
11010011
00101100
11101000
11010011
00101100
11101000
11010011
11101101
11011011
11110101
00101010
00100101
01101001
01101110
01011011
10110001
01000001
01011011
10110001
01000001
01011011
10110001
01000001
01011011
10110001
01000001
01011011
10110001
01000001
01011011
10110001
01000001
01011011
10110001
01000001
01011011
10110001
01000001
01011011
10110001
01000001
01011011
10110001
01000001
00110110
10111111
11010000
11011111
01011101
10110000
11011111
01011101
10110000
11011111
01011101
10110000
11011111
01011101
10110000
11011111
01011101
10110000
11011111
01011101
10110000
11011111
01011101
10110000
11011111
01011101
10110000
11011111
01011101
10110000
11011111
01011101
10110000
01000101
10000100
00111011
01000101
10000100
00111011
01000101
10000100
00111011
01000101
10000100
00111011
01000101
10000100
00111011
01000101
10000100
00111011
01000101
10000100
00111011
01000101
10000100
00111011
01000101
10000100
00111011
01000101
10000100
00111011
10111110
10001011
10011100
10110101
01100011
10011100
10110101
01100011
10011100
10110101
01100011
10011100
10110101
01100011
10011100
10110101
01100011
10011100
10110101
01100011
10011100
10110101
01100011
10011100
10110101
01100011
10011100
10110101
01100011
10011100
10110101
01100011
01000101
11001101
01000010
01000101
11001101
01000010
01000101
11001101
01000010
01000101
11001101
01000010
01000101
11001101
01000010
01000101
11001101
01000010
01000101
11001101
01000010
01000101
11001101
01000010
01000101
11001101
01000010
01000101
11001101
01000010
00101100
10011101
01100100
00101100
10011101
01100100
00101100
10011101
01100100
00101100
10011101
01100100
00101100
10011101
01100100
00101100
10011101
01100100
00101100
10011101
01100100
00101100
10011101
01100100
00101100
10011101
01100100
00101100
10011101
01100100
01101101
10011011
01111010
01101101
10011011
01111010
01101101
10011011
01111010
01101101
10011011
01111010
01101101
10011011
01111010
01101101
10011011
01111010
01101101
10011011
01111010
01101101
10011011
01111010
01101101
10011011
01111010
01101101
10011011
01111010
01000011
11110000
10100111
00101101
00100100
01101001
00011111
00100100
01101001
00011111
00100100
01101001
00011111
00100100
01101001
00011111
00100100
01101001
00011111
00100100
01101001
00011111
00100100
01101001
00011111
00100100
01101001
00011111
00100100
01101001
00011111
00100100
01101001
00011111
01111111
10101010
10010110
01111111
10101010
10010110
01111111
10101010
10010110
01111111
10101010
10010110
01111111
10101010
10010110
01111111
10101010
10010110
01111111
10101010
10010110
01111111
10101010
10010110
01111111
10101010
10010110
01111111
10101010
10010110
01100000
11011101
11000111
00011111
01011001
11000111
00011111
01011001
11000111
00011111
01011001
11000111
00011111
01011001
11000111
00011111
01011001
11000111
00011111
01011001
11000111
00011111
01011001
11000111
00011111
01011001
11000111
00011111
01011001
11000111
00011111
01011001
10111101
10111101
01100000
10111101
10111101
01100000
10111101
10111101
01100000
10111101
10111101
01100000
10111101
10111101
01100000
10111101
10111101
01100000
10111101
10111101
01100000
10111101
10111101
01100000
10111101
10111101
01100000
10111101
10111101
01100000
01011000
01010111
00100100
01000111
10111101
00100100
01000111
10111101
00100100
01000111
10111101
00100100
01000111
10111101
00100100
01000111
10111101
00100100
01000111
10111101
00100100
01000111
10111101
00100100
01000111
10111101
00100100
01000111
10111101
00100100
01000111
10111101
11100111
10111001
00001100
01010100
10111001
00001100
01010100
10111001
00001100
01010100
10111001
00001100
01010100
10111001
00001100
01010100
10111001
00001100
01010100
10111001
00001100
01010100
10111001
00001100
01010100
10111001
00001100
01010100
10111001
00001100
01010100
11101111
10000011
10000101
11101111
10000011
10000101
11101111
10000011
10000101
11101111
10000011
10000101
11101111
10000011
10000101
11101111
10000011
10000101
11101111
10000011
10000101
11101111
10000011
10000101
11101111
10000011
10000101
11101111
10000011
10000101
11101111
01111111
11001101
10001000
01111111
11001101
10001000
01111111
11001101
10001000
01111111
11001101
10001000
01111111
11001101
10001000
01111111
11001101
10001000
01111111
11001101
10001000
01111111
11001101
10001000
01111111
11001101
10001000
01111111
11001101
10001000
11101100
00111001
10101001
10011111
00111001
10101001
10011111
00111001
10101001
10011111
00111001
10101001
10011111
00111001
10101001
10011111
00111001
10101001
10011111
00111001
10101001
10011111
00111001
10101001
10011111
00111001
10101001
10011111
00111001
10101001
10011111
11010100
01110100
00101011
10010011
01110100
00101011
10010011
01110100
00101011
10010011
01110100
00101011
10010011
01110100
00101011
10010011
01110100
00101011
10010011
01110100
00101011
10010011
01110100
00101011
10010011
01110100
00101011
10010011
01110100
00101011
10010011
01110010
01010000
01100101
01110010
01010000
01100101
01110010
01010000
01100101
01110010
01010000
01100101
01110010
01010000
01100101
01110010
01010000
01100101
01110010
01010000
01100101
01110010
01010000
01100101
01110010
01010000
01100101
01110010
01010000
01100101
00111011
00011110
01100101
00111011
00011110
01100101
00111011
00011110
01100101
00111011
00011110
01100101
00111011
00011110
01100101
00111011
00011110
01100101
00111011
00011110
01100101
00111011
00011110
01100101
00111011
00011110
01100101
00111011
00011110
01100101
11110110
01010100
01100011
11110110
01010100
01100011
11110110
01010100
01100011
11110110
01010100
01100011
11110110
01010100
01100011
11110110
01010100
01100011
11110110
01010100
01100011
11110110
01010100
01100011
11110110
01010100
01100011
11110110
01010100
01100011
11011010
01010010
01011100
11011010
01010010
01011100
11011010
01010010
01011100
11011010
01010010
01011100
11011010
01010010
01011100
11011010
01010010
01011100
11011010
01010010
01011100
11011010
01010010
01011100
11011010
01010010
01011100
11011010
01010010
01011100
00011111
11100101
10100000
00011111
11100101
10100000
00011111
11100101
10100000
00011111
11100101
10100000
00011111
11100101
10100000
00011111
11100101
10100000
00011111
11100101
10100000
00011111
11100101
10100000
00011111
11100101
10100000
00011111
11100101
10100000
11000110
10110101
01100101
01110011
10110101
01100101
01110011
10110101
01100101
01110011
10110101
01100101
01110011
10110101
01100101
01110011
10110101
01100101
01110011
10110101
01100101
01110011
10110101
01100101
01110011
10110101
01100101
01110011
10110101
01100101
01110011
01011101
11101000
10110100
01011101
11101000
10110100
01011101
11101000
10110100
01011101
11101000
10110100
01011101
11101000
10110100
01011101
11101000
10110100
01011101
11101000
10110100
01011101
11101000
10110100
01011101
11101000
10110100
01011101
11101000
10110100
10000001
01000000
10000000
00000100
